
AttributeBegin
    ObjectBegin "ASSISE (2).001"
    NamedMaterial "AssiseLem"
    Shape "plymesh" "string filename" "geometry/mesh_00001.ply" 
AttributeEnd
ObjectEnd

AttributeBegin
    ObjectBegin "unnamed_obj_0"
    NamedMaterial "grass_patch"
    Shape "plymesh" "string filename" "geometry/mesh_00002.ply" 
AttributeEnd
ObjectEnd

AttributeBegin
    ObjectBegin "plan_definitif.001"
    NamedMaterial "INOX"
    Shape "plymesh" "string filename" "geometry/mesh_00003.ply" 
    NamedMaterial "CAOUTCHOUC"
    Shape "plymesh" "string filename" "geometry/mesh_00004.ply" 
    NamedMaterial "METAL_BLANC"
    Shape "plymesh" "string filename" "geometry/mesh_00005.ply" 
    NamedMaterial "MATELAS"
    Shape "plymesh" "string filename" "geometry/mesh_00006.ply" 
AttributeEnd
ObjectEnd

AttributeBegin
    ObjectBegin "Plane.023"
    NamedMaterial "Ossature"
    Shape "plymesh" "string filename" "geometry/mesh_00007.ply" 
    NamedMaterial "BornesLum"
    Shape "plymesh" "string filename" "geometry/mesh_00008.ply" 
    NamedMaterial "INOX"
    Shape "plymesh" "string filename" "geometry/mesh_00009.ply" 
    NamedMaterial "LameTerrasse"
    Shape "plymesh" "string filename" "geometry/mesh_00010.ply" 
AttributeEnd
ObjectEnd

AttributeBegin
    ObjectBegin "Plane.027"
    NamedMaterial "INOX"
    Shape "plymesh" "string filename" "geometry/mesh_00011.ply" 
AttributeEnd
ObjectEnd

AttributeBegin
    ObjectBegin "Plane.028"
    NamedMaterial "Ossature"
    Shape "plymesh" "string filename" "geometry/mesh_00012.ply" 
    NamedMaterial "BornesLumTables"
    Shape "plymesh" "string filename" "geometry/mesh_00013.ply" 
    NamedMaterial "INOX"
    Shape "plymesh" "string filename" "geometry/mesh_00014.ply" 
    NamedMaterial "LameTerrasse"
    Shape "plymesh" "string filename" "geometry/mesh_00015.ply" 
AttributeEnd
ObjectEnd

AttributeBegin
    ObjectBegin "plan_definitif.017"
    NamedMaterial "INOX"
    Shape "plymesh" "string filename" "geometry/mesh_00016.ply" 
    NamedMaterial "CAOUTCHOUC"
    Shape "plymesh" "string filename" "geometry/mesh_00017.ply" 
    NamedMaterial "METAL_BLANC"
    Shape "plymesh" "string filename" "geometry/mesh_00018.ply" 
    NamedMaterial "MATELAS"
    Shape "plymesh" "string filename" "geometry/mesh_00019.ply" 
AttributeEnd
ObjectEnd

AttributeBegin
    ObjectBegin "Cylinder.004"
    NamedMaterial "StoreFicelle"
    Shape "plymesh" "string filename" "geometry/mesh_00020.ply" 
AttributeEnd
ObjectEnd

AttributeBegin
    ObjectBegin "Cylinder.005"
    NamedMaterial "StoreFicelle"
    Shape "plymesh" "string filename" "geometry/mesh_00021.ply" 
AttributeEnd
ObjectEnd

AttributeBegin
    ObjectBegin "Cylinder.006"
    NamedMaterial "StoreFicelle"
    Shape "plymesh" "string filename" "geometry/mesh_00022.ply" 
AttributeEnd
ObjectEnd

AttributeBegin
    ObjectBegin "Cylinder.007"
    NamedMaterial "StoreFicelle"
    Shape "plymesh" "string filename" "geometry/mesh_00023.ply" 
    Shape "plymesh" "string filename" "geometry/mesh_00024.ply" 
AttributeEnd
ObjectEnd

AttributeBegin
    ObjectBegin "Cylinder.003"
    NamedMaterial "StoreFicelle"
    Shape "plymesh" "string filename" "geometry/mesh_00025.ply" 
AttributeEnd
ObjectEnd

AttributeBegin
    ObjectBegin "plan_definitif"
    NamedMaterial "INOX"
    Shape "plymesh" "string filename" "geometry/mesh_00026.ply" 
    NamedMaterial "CAOUTCHOUC"
    Shape "plymesh" "string filename" "geometry/mesh_00027.ply" 
    NamedMaterial "METAL_BLANC"
    Shape "plymesh" "string filename" "geometry/mesh_00028.ply" 
    NamedMaterial "MATELAS"
    Shape "plymesh" "string filename" "geometry/mesh_00029.ply" 
AttributeEnd
ObjectEnd

AttributeBegin
    ObjectBegin "unnamed_obj_0.001"
    NamedMaterial "grass_patch"
    Shape "plymesh" "string filename" "geometry/mesh_00030.ply" 
AttributeEnd
ObjectEnd

AttributeBegin
    Transform [ -0.0000000437 -1.0000000000 0.0000000000 0.0000000000 1.0000000000 -0.0000000437 0.0000000000 0.0000000000 0.0000000000 0.0000000000 1.0000000000 0.0000000000 10.3253135681 3.7992696762 6.5470705032 1.0000000000  ]
    NamedMaterial "Menuiseries"
    Shape "plymesh" "string filename" "geometry/mesh_00031.ply" 
    NamedMaterial "Verre"
    Shape "plymesh" "string filename" "geometry/mesh_00032.ply" "float shadowalpha" [0]
AttributeEnd

AttributeBegin
    Transform [ -0.0000000437 -1.0000000000 0.0000000000 0.0000000000 1.0000000000 -0.0000000437 0.0000000000 0.0000000000 0.0000000000 0.0000000000 1.0000000000 0.0000000000 1.2308127880 3.7992696762 3.7464585304 1.0000000000  ]
    NamedMaterial "Menuiseries"
    Shape "plymesh" "string filename" "geometry/mesh_00033.ply" 
    NamedMaterial "Verre"
    Shape "plymesh" "string filename" "geometry/mesh_00034.ply"  "float shadowalpha" [0]
AttributeEnd

AttributeBegin
    Transform [ 1.0000000000 0.0000000000 0.0000000000 0.0000000000 0.0000000000 0.0000000755 1.0000000000 0.0000000000 0.0000000000 -1.0000000000 0.0000000755 0.0000000000 5.9041976929 3.7731018066 4.5001182556 1.0000000000  ]
    NamedMaterial "Verre"
    Shape "plymesh" "string filename" "geometry/mesh_00035.ply"  "float shadowalpha" [0]
AttributeEnd

AttributeBegin
    Transform [ 1.0000000000 0.0000000000 0.0000000000 0.0000000000 0.0000000000 1.0000000000 0.0000000000 0.0000000000 0.0000000000 0.0000000000 1.0000000000 0.0000000000 5.8999214172 3.7750000954 4.4960937500 1.0000000000  ]
    NamedMaterial "Menuiseries"
    Shape "plymesh" "string filename" "geometry/mesh_00036.ply" 
AttributeEnd

AttributeBegin
    Transform [ 1.0000000000 0.0000000000 0.0000000000 0.0000000000 0.0000000000 0.0000000755 1.0000000000 0.0000000000 0.0000000000 -1.0000000000 0.0000000755 0.0000000000 2.5041971207 3.7731018066 5.7001180649 1.0000000000  ]
    NamedMaterial "Verre"
    Shape "plymesh" "string filename" "geometry/mesh_00037.ply"  "float shadowalpha" [0]
AttributeEnd

AttributeBegin
    Transform [ 1.0000000000 0.0000000000 0.0000000000 0.0000000000 0.0000000000 1.0000000000 0.0000000000 0.0000000000 0.0000000000 0.0000000000 1.0000000000 0.0000000000 2.4999208450 3.7750000954 5.6960935593 1.0000000000  ]
    NamedMaterial "Menuiseries"
    Shape "plymesh" "string filename" "geometry/mesh_00038.ply" 
AttributeEnd

AttributeBegin
    Transform [ 1.0000000000 0.0000000000 0.0000000000 0.0000000000 0.0000000000 1.0000000000 0.0000000000 0.0000000000 0.0000000000 0.0000000000 1.0000000000 0.0000000000 5.8999214172 3.7750000954 5.6960935593 1.0000000000  ]
    NamedMaterial "Menuiseries"
    Shape "plymesh" "string filename" "geometry/mesh_00039.ply" 
AttributeEnd

AttributeBegin
    Transform [ 1.0000000000 0.0000000000 0.0000000000 0.0000000000 0.0000000000 0.0000000755 1.0000000000 0.0000000000 0.0000000000 -1.0000000000 0.0000000755 0.0000000000 5.9041976929 3.7731018066 5.7001180649 1.0000000000  ]
    NamedMaterial "Verre"
    Shape "plymesh" "string filename" "geometry/mesh_00040.ply"  "float shadowalpha" [0]
AttributeEnd

AttributeBegin
    Transform [ 1.0000000000 0.0000000000 0.0000000000 0.0000000000 0.0000000000 0.0000000755 1.0000000000 0.0000000000 0.0000000000 -1.0000000000 0.0000000755 0.0000000000 13.0448789597 2.0797996521 5.7887001038 1.0000000000  ]
    NamedMaterial "Verre"
    Shape "plymesh" "string filename" "geometry/mesh_00041.ply"  "float shadowalpha" [0]
AttributeEnd

AttributeBegin
    Transform [ -0.0000000437 1.0000000000 0.0000000000 0.0000000000 -0.0000000755 -0.0000000000 1.0000000000 0.0000000000 0.6999999881 0.0000000306 0.0000000528 0.0000000000 8.1182374954 1.4570951462 2.0498552322 1.0000000000  ]
    NamedMaterial "INOX"
    Shape "plymesh" "string filename" "geometry/mesh_00042.ply" 
AttributeEnd

AttributeBegin
    Transform [ 1.0000000000 0.0000000000 0.0000000000 0.0000000000 0.0000000000 0.0000000755 1.0000000000 0.0000000000 0.0000000000 -1.0000000000 0.0000000755 0.0000000000 18.4562015533 -1.4872956276 2.0498552322 1.0000000000  ]
    NamedMaterial "INOX"
    Shape "plymesh" "string filename" "geometry/mesh_00043.ply" 
AttributeEnd

AttributeBegin
    Transform [ 1.0000000000 0.0000000000 0.0000000000 0.0000000000 0.0000000000 1.0000000000 0.0000000000 0.0000000000 0.0000000000 0.0000000000 1.0000000000 0.0000000000 19.7706317902 9.5904998779 0.0030541420 1.0000000000  ]
    NamedMaterial "Beton"
    Shape "plymesh" "string filename" "geometry/mesh_00044.ply" 
AttributeEnd

AttributeBegin
    Transform [ 1.0000000000 0.0000000000 0.0000000000 0.0000000000 0.0000000000 1.0000000000 0.0000000000 0.0000000000 0.0000000000 0.0000000000 1.0000000000 0.0000000000 19.7706317902 9.5904998779 0.0030541420 1.0000000000  ]
    NamedMaterial "Beton"
    Shape "plymesh" "string filename" "geometry/mesh_00045.ply" 
AttributeEnd

AttributeBegin
    Transform [ -0.9982526898 -0.0585599802 -0.0078960955 0.0000000000 0.0586542115 -0.9982028008 -0.0122829173 0.0000000000 -0.0071626171 -0.0127245942 0.9998933673 0.0000000000 28.4413242340 -2.3181638718 2.1614131927 1.0000000000  ]
    ObjectInstance "unnamed_obj_0"
AttributeEnd

AttributeBegin
    Transform [ 0.9999000430 0.0120970421 0.0073165153 0.0000000000 -0.0121888509 0.9998458624 0.0126366094 0.0000000000 -0.0071625221 -0.0127245262 0.9998933673 0.0000000000 28.4413242340 -0.9998367429 2.1614131927 1.0000000000  ]
    ObjectInstance "unnamed_obj_0"
AttributeEnd

AttributeBegin
    Transform [ 0.9999000430 0.0120970421 0.0073165153 0.0000000000 -0.0121888509 0.9998458624 0.0126366094 0.0000000000 -0.0071625221 -0.0127245262 0.9998933673 0.0000000000 27.0987262726 -0.9998367429 2.1614131927 1.0000000000  ]
    ObjectInstance "unnamed_obj_0"
AttributeEnd

AttributeBegin
    Transform [ -0.9982526898 -0.0585599802 -0.0078960955 0.0000000000 0.0586542115 -0.9982028008 -0.0122829173 0.0000000000 -0.0071626171 -0.0127245942 0.9998933673 0.0000000000 27.0987262726 -2.3181638718 2.1614131927 1.0000000000  ]
    ObjectInstance "unnamed_obj_0"
AttributeEnd

AttributeBegin
    Transform [ -0.9982526898 -0.0585599802 -0.0078960955 0.0000000000 0.0586542115 -0.9982028008 -0.0122829173 0.0000000000 -0.0071626171 -0.0127245942 0.9998933673 0.0000000000 25.8232593536 -2.3181638718 2.1614131927 1.0000000000  ]
    ObjectInstance "unnamed_obj_0"
AttributeEnd

AttributeBegin
    Transform [ 0.9999000430 0.0120970421 0.0073165153 0.0000000000 -0.0121888509 0.9998458624 0.0126366094 0.0000000000 -0.0071625221 -0.0127245262 0.9998933673 0.0000000000 25.8232593536 -0.9998367429 2.1614131927 1.0000000000  ]
    ObjectInstance "unnamed_obj_0"
AttributeEnd

AttributeBegin
    Transform [ 0.9999000430 0.0120970421 0.0073165153 0.0000000000 -0.0121888509 0.9998458624 0.0126366094 0.0000000000 -0.0071625221 -0.0127245262 0.9998933673 0.0000000000 24.7027072906 -0.9998367429 2.1614131927 1.0000000000  ]
    ObjectInstance "unnamed_obj_0"
AttributeEnd

AttributeBegin
    Transform [ -0.9982526898 -0.0585599802 -0.0078960955 0.0000000000 0.0586542115 -0.9982028008 -0.0122829173 0.0000000000 -0.0071626171 -0.0127245942 0.9998933673 0.0000000000 24.7027072906 -2.3181638718 2.1614131927 1.0000000000  ]
    ObjectInstance "unnamed_obj_0"
AttributeEnd

AttributeBegin
    Transform [ -0.9982526898 -0.0585599802 -0.0078960955 0.0000000000 0.0586542115 -0.9982028008 -0.0122829173 0.0000000000 -0.0071626171 -0.0127245942 0.9998933673 0.0000000000 23.3497829437 -2.3181638718 2.1614131927 1.0000000000  ]
    ObjectInstance "unnamed_obj_0"
AttributeEnd

AttributeBegin
    Transform [ 0.9999000430 0.0120970421 0.0073165153 0.0000000000 -0.0121888509 0.9998458624 0.0126366094 0.0000000000 -0.0071625221 -0.0127245262 0.9998933673 0.0000000000 23.3497829437 -0.9998367429 2.1614131927 1.0000000000  ]
    ObjectInstance "unnamed_obj_0"
AttributeEnd

AttributeBegin
    Transform [ 0.9976858497 0.0120968986 0.0669073835 0.0000000000 -0.0129202995 0.9998458624 0.0118875708 0.0000000000 -0.0667532682 -0.0127245244 0.9976883531 0.0000000000 22.1374034882 -0.9998367429 2.1075296402 1.0000000000  ]
    ObjectInstance "unnamed_obj_0"
AttributeEnd

AttributeBegin
    Transform [ -0.9960068464 -0.0585600063 -0.0673877373 0.0000000000 0.0592821203 -0.9982028008 -0.0087647066 0.0000000000 -0.0667533651 -0.0127245961 0.9976883531 0.0000000000 22.1374034882 -2.3181638718 2.1075296402 1.0000000000  ]
    ObjectInstance "unnamed_obj_0"
AttributeEnd

AttributeBegin
    Transform [ -0.9768274426 -0.0585600324 -0.2058612108 0.0000000000 0.0599252433 -0.9982028008 -0.0003975257 0.0000000000 -0.2054679543 -0.0127245970 0.9785811305 0.0000000000 20.8621616364 -2.3181638718 1.9324080944 1.0000000000  ]
    ObjectInstance "unnamed_obj_0"
AttributeEnd

AttributeBegin
    Transform [ 0.9785571098 0.0120969051 0.2056201100 0.0000000000 -0.0144542214 0.9998458624 0.0099661499 0.0000000000 -0.2054678649 -0.0127245262 0.9785811305 0.0000000000 20.8621616364 -0.9998367429 1.9324080944 1.0000000000  ]
    ObjectInstance "unnamed_obj_0"
AttributeEnd

AttributeBegin
    Transform [ 0.9319055676 0.0120970802 0.3624992073 0.0000000000 -0.0158865601 0.9998458624 0.0074746609 0.0000000000 -0.3623529077 -0.0127245439 0.9319540858 0.0000000000 19.9416503906 -0.9998368025 1.6001265049 1.0000000000  ]
    ObjectInstance "unnamed_obj_0"
AttributeEnd

AttributeBegin
    Transform [ -0.9301597476 -0.0585600436 -0.3624548912 0.0000000000 0.0591873638 -0.9982028008 0.0093834931 0.0000000000 -0.3623529673 -0.0127246017 0.9319540858 0.0000000000 19.9416503906 -2.3181638718 1.6001265049 1.0000000000  ]
    ObjectInstance "unnamed_obj_0"
AttributeEnd

AttributeBegin
    Transform [ 0.0000000119 0.9999988079 0.0015623962 0.0000000000 -1.0000000000 0.0000000119 0.0000000003 0.0000000000 0.0000000003 -0.0015623962 0.9999988079 0.0000000000 8.5231904984 -1.0717216730 1.2339048386 1.0000000000  ]
    ObjectInstance "unnamed_obj_0"
AttributeEnd

AttributeBegin
    Transform [ 1.0000000000 -0.0000001748 -0.0000000002 0.0000000000 0.0000001748 0.9999988079 0.0015623962 0.0000000000 -0.0000000001 -0.0015623962 0.9999988079 0.0000000000 9.9231901169 -1.0717216730 1.2339047194 1.0000000000  ]
    ObjectInstance "unnamed_obj_0"
AttributeEnd

AttributeBegin
    Transform [ 0.0000001391 -0.9999988079 -0.0015623962 0.0000000000 1.0000000000 0.0000001391 0.0000000002 0.0000000000 0.0000000000 -0.0015623962 0.9999988079 0.0000000000 11.3231897354 -1.0717216730 1.2339047194 1.0000000000  ]
    ObjectInstance "unnamed_obj_0"
AttributeEnd

AttributeBegin
    Transform [ -1.0000000000 0.0000000874 0.0000000002 0.0000000000 -0.0000000874 -0.9999988079 -0.0015623962 0.0000000000 0.0000000001 -0.0015623962 0.9999988079 0.0000000000 12.7231893539 -1.0717221498 1.2339047194 1.0000000000  ]
    ObjectInstance "unnamed_obj_0"
AttributeEnd

AttributeBegin
    Transform [ 0.0000001391 -0.9999988079 -0.0015623962 0.0000000000 1.0000000000 0.0000001391 0.0000000002 0.0000000000 0.0000000000 -0.0015623962 0.9999988079 0.0000000000 16.9231891632 -1.0717221498 1.2339047194 1.0000000000  ]
    ObjectInstance "unnamed_obj_0"
AttributeEnd

AttributeBegin
    Transform [ 1.0000000000 -0.0000001748 -0.0000000002 0.0000000000 0.0000001748 0.9999988079 0.0015623962 0.0000000000 -0.0000000001 -0.0015623962 0.9999988079 0.0000000000 15.5231904984 -1.0717221498 1.2339047194 1.0000000000  ]
    ObjectInstance "unnamed_obj_0"
AttributeEnd

AttributeBegin
    Transform [ 0.0000000119 0.9999988079 0.0015623962 0.0000000000 -1.0000000000 0.0000000119 0.0000000003 0.0000000000 0.0000000003 -0.0015623962 0.9999988079 0.0000000000 14.1231908798 -1.0717221498 1.2339047194 1.0000000000  ]
    ObjectInstance "unnamed_obj_0"
AttributeEnd

AttributeBegin
    Transform [ 0.0000000119 0.9977665544 0.0667977855 0.0000000000 -1.0000000000 0.0000000119 0.0000000008 0.0000000000 0.0000000000 -0.0667977855 0.9977665544 0.0000000000 14.4829978943 -2.3417785168 1.2583272457 1.0000000000  ]
    ObjectInstance "unnamed_obj_0"
AttributeEnd

AttributeBegin
    Transform [ 1.0000000000 -0.0000001748 -0.0000000114 0.0000000000 0.0000001752 0.9977665544 0.0667977855 0.0000000000 -0.0000000003 -0.0667977855 0.9977665544 0.0000000000 15.8829975128 -2.3417785168 1.2583272457 1.0000000000  ]
    ObjectInstance "unnamed_obj_0"
AttributeEnd

AttributeBegin
    Transform [ 0.0000001388 -0.9977665544 -0.0667977855 0.0000000000 1.0000000000 0.0000001384 0.0000000095 0.0000000000 -0.0000000002 -0.0667977855 0.9977665544 0.0000000000 17.2829971313 -2.3417785168 1.2583272457 1.0000000000  ]
    ObjectInstance "unnamed_obj_0"
AttributeEnd

AttributeBegin
    Transform [ -1.0000000000 0.0000000874 0.0000000057 0.0000000000 -0.0000000876 -0.9977665544 -0.0667977855 0.0000000000 -0.0000000001 -0.0667977855 0.9977665544 0.0000000000 13.0829963684 -2.3417785168 1.2583272457 1.0000000000  ]
    ObjectInstance "unnamed_obj_0"
AttributeEnd

AttributeBegin
    Transform [ 0.0000001388 -0.9977665544 -0.0667977855 0.0000000000 1.0000000000 0.0000001384 0.0000000095 0.0000000000 -0.0000000002 -0.0667977855 0.9977665544 0.0000000000 11.6829967499 -2.3417780399 1.2583272457 1.0000000000  ]
    ObjectInstance "unnamed_obj_0"
AttributeEnd

AttributeBegin
    Transform [ 1.0000000000 -0.0000001748 -0.0000000114 0.0000000000 0.0000001752 0.9977665544 0.0667977855 0.0000000000 -0.0000000003 -0.0667977855 0.9977665544 0.0000000000 10.2829971313 -2.3417780399 1.2583272457 1.0000000000  ]
    ObjectInstance "unnamed_obj_0"
AttributeEnd

AttributeBegin
    Transform [ 0.0000000119 0.9977665544 0.0667977855 0.0000000000 -1.0000000000 0.0000000119 0.0000000008 0.0000000000 0.0000000000 -0.0667977855 0.9977665544 0.0000000000 8.8829975128 -2.3417780399 1.2583273649 1.0000000000  ]
    ObjectInstance "unnamed_obj_0"
AttributeEnd

AttributeBegin
    Transform [ 0.6000000238 0.0000000000 0.0000000000 0.0000000000 0.0000000000 0.6000000238 0.0000000000 0.0000000000 0.0000000000 0.0000000000 0.6000000238 0.0000000000 27.6645431519 1.7304544449 2.9445252419 1.0000000000  ]
    ObjectInstance "Plane.028"
AttributeEnd

AttributeBegin
    Transform [ 0.6000000238 0.0000000000 0.0000000000 0.0000000000 0.0000000000 0.6000000238 0.0000000000 0.0000000000 0.0000000000 0.0000000000 0.6000000238 0.0000000000 27.6645431519 2.0528616905 2.9445252419 1.0000000000  ]
    ObjectInstance "Plane.028"
AttributeEnd

AttributeBegin
    Transform [ 0.6000000238 0.0000000000 0.0000000000 0.0000000000 0.0000000000 0.6000000238 0.0000000000 0.0000000000 0.0000000000 0.0000000000 0.6000000238 0.0000000000 28.0396518707 2.0528616905 2.9445252419 1.0000000000  ]
    ObjectInstance "Plane.028"
AttributeEnd

AttributeBegin
    Transform [ 0.6000000238 0.0000000000 0.0000000000 0.0000000000 0.0000000000 0.6000000238 0.0000000000 0.0000000000 0.0000000000 0.0000000000 0.6000000238 0.0000000000 28.0396518707 1.7304544449 2.9445252419 1.0000000000  ]
    ObjectInstance "Plane.028"
AttributeEnd

AttributeBegin
    Transform [ 0.6000000238 0.0000000000 0.0000000000 0.0000000000 0.0000000000 0.6000000238 0.0000000000 0.0000000000 0.0000000000 0.0000000000 0.6000000238 0.0000000000 23.1134185791 -2.0986697674 2.9445252419 1.0000000000  ]
    ObjectInstance "Plane.028"
AttributeEnd

AttributeBegin
    Transform [ 0.6000000238 0.0000000000 0.0000000000 0.0000000000 0.0000000000 0.6000000238 0.0000000000 0.0000000000 0.0000000000 0.0000000000 0.6000000238 0.0000000000 23.1134185791 -1.7762626410 2.9445252419 1.0000000000  ]
    ObjectInstance "Plane.028"
AttributeEnd

AttributeBegin
    Transform [ 0.6000000238 0.0000000000 0.0000000000 0.0000000000 0.0000000000 0.6000000238 0.0000000000 0.0000000000 0.0000000000 0.0000000000 0.6000000238 0.0000000000 22.7383098602 -1.7762626410 2.9445252419 1.0000000000  ]
    ObjectInstance "Plane.028"
AttributeEnd

AttributeBegin
    Transform [ 0.6000000238 0.0000000000 0.0000000000 0.0000000000 0.0000000000 0.6000000238 0.0000000000 0.0000000000 0.0000000000 0.0000000000 0.6000000238 0.0000000000 22.7383098602 -2.0986697674 2.9445252419 1.0000000000  ]
    ObjectInstance "Plane.028"
AttributeEnd

AttributeBegin
    Transform [ -0.2987313271 -0.9543372393 0.0000000000 0.0000000000 0.9543372393 -0.2987313271 0.0000000000 0.0000000000 0.0000000000 0.0000000000 1.0000000000 0.0000000000 28.1856460571 2.2929971218 2.8883457184 1.0000000000  ]
    ObjectInstance "plan_definitif"
AttributeEnd

AttributeBegin
    Transform [ -0.2987313271 -0.9543372393 0.0000000000 0.0000000000 0.9543372393 -0.2987313271 0.0000000000 0.0000000000 0.0000000000 0.0000000000 1.0000000000 0.0000000000 28.1856460571 1.4916223288 2.8883457184 1.0000000000  ]
    ObjectInstance "plan_definitif"
AttributeEnd

AttributeBegin
    Transform [ -0.2987313271 -0.9543372393 0.0000000000 0.0000000000 0.9543372393 -0.2987313271 0.0000000000 0.0000000000 0.0000000000 0.0000000000 1.0000000000 0.0000000000 28.1856460571 3.3706836700 2.8883457184 1.0000000000  ]
    ObjectInstance "plan_definitif.001"
AttributeEnd

AttributeBegin
    Transform [ -0.2987313271 -0.9543372393 0.0000000000 0.0000000000 0.9543372393 -0.2987313271 0.0000000000 0.0000000000 0.0000000000 0.0000000000 1.0000000000 0.0000000000 28.1856460571 0.2091957629 2.8883457184 1.0000000000  ]
    ObjectInstance "plan_definitif.001"
AttributeEnd

AttributeBegin
    Transform [ 0.9543372393 -0.2987312973 0.0000000000 0.0000000000 0.2987312973 0.9543372393 0.0000000000 0.0000000000 0.0000000000 0.0000000000 1.0000000000 0.0000000000 24.6005382538 -1.6060276031 2.8883457184 1.0000000000  ]
    ObjectInstance "plan_definitif.001"
AttributeEnd

AttributeBegin
    Transform [ 0.9543372393 -0.2987312973 0.0000000000 0.0000000000 0.2987312973 0.9543372393 0.0000000000 0.0000000000 0.0000000000 0.0000000000 1.0000000000 0.0000000000 21.4390506744 -1.6060276031 2.8883457184 1.0000000000  ]
    ObjectInstance "plan_definitif.001"
AttributeEnd

AttributeBegin
    Transform [ 0.9543372393 -0.2987312973 0.0000000000 0.0000000000 0.2987312973 0.9543372393 0.0000000000 0.0000000000 0.0000000000 0.0000000000 1.0000000000 0.0000000000 23.3181114197 -1.6060276031 2.8883457184 1.0000000000  ]
    ObjectInstance "plan_definitif"
AttributeEnd

AttributeBegin
    Transform [ 0.9543372393 -0.2987312973 0.0000000000 0.0000000000 0.2987312973 0.9543372393 0.0000000000 0.0000000000 0.0000000000 0.0000000000 1.0000000000 0.0000000000 22.5167369843 -1.6060276031 2.8883457184 1.0000000000  ]
    ObjectInstance "plan_definitif"
AttributeEnd

AttributeBegin
    Transform [ 1.0000000000 0.0000000000 0.0000000000 0.0000000000 0.0000000000 0.0000000755 1.0000000000 0.0000000000 0.0000000000 -1.0000000000 0.0000000755 0.0000000000 25.7642822266 2.4749979973 3.6971471310 1.0000000000  ]
    ObjectInstance "Plane.027"
AttributeEnd

AttributeBegin
    Transform [ 1.0000000000 0.0000000000 0.0000000000 0.0000000000 0.0000000000 0.0000000755 1.0000000000 0.0000000000 0.0000000000 -1.0000000000 0.0000000755 0.0000000000 25.7242813110 2.4749979973 3.6971471310 1.0000000000  ]
    ObjectInstance "Plane.027"
AttributeEnd

AttributeBegin
    Transform [ 1.0000000000 0.0000000000 0.0000000000 0.0000000000 0.0000000000 0.0000000755 1.0000000000 0.0000000000 0.0000000000 -1.0000000000 0.0000000755 0.0000000000 24.5642814636 2.4749979973 3.6971471310 1.0000000000  ]
    ObjectInstance "Plane.027"
AttributeEnd

AttributeBegin
    Transform [ 1.0000000000 0.0000000000 0.0000000000 0.0000000000 0.0000000000 0.0000000755 1.0000000000 0.0000000000 0.0000000000 -1.0000000000 0.0000000755 0.0000000000 24.5242805481 2.4749979973 3.6971471310 1.0000000000  ]
    ObjectInstance "Plane.027"
AttributeEnd

AttributeBegin
    Transform [ 1.0000000000 0.0000000000 0.0000000000 0.0000000000 0.0000000000 0.0000000755 1.0000000000 0.0000000000 0.0000000000 -1.0000000000 0.0000000755 0.0000000000 23.3670520782 2.4749979973 3.6971471310 1.0000000000  ]
    ObjectInstance "Plane.027"
AttributeEnd

AttributeBegin
    Transform [ 1.0000000000 0.0000000000 0.0000000000 0.0000000000 0.0000000000 0.0000000755 1.0000000000 0.0000000000 0.0000000000 -1.0000000000 0.0000000755 0.0000000000 23.3270511627 2.4749979973 3.6971471310 1.0000000000  ]
    ObjectInstance "Plane.027"
AttributeEnd

AttributeBegin
    Transform [ 1.0000000000 0.0000000000 0.0000000000 0.0000000000 0.0000000000 0.0000000755 1.0000000000 0.0000000000 0.0000000000 -1.0000000000 0.0000000755 0.0000000000 22.1670513153 2.4749979973 3.6971471310 1.0000000000  ]
    ObjectInstance "Plane.027"
AttributeEnd

AttributeBegin
    Transform [ 1.0000000000 0.0000000000 0.0000000000 0.0000000000 0.0000000000 0.0000000755 1.0000000000 0.0000000000 0.0000000000 -1.0000000000 0.0000000755 0.0000000000 22.1270503998 2.4749979973 3.6971471310 1.0000000000  ]
    ObjectInstance "Plane.027"
AttributeEnd

AttributeBegin
    Transform [ 1.0000000000 0.0000000000 0.0000000000 0.0000000000 0.0000000000 1.0000000000 0.0000000000 0.0000000000 0.0000000000 0.0000000000 1.0000000000 0.0000000000 28.8257408142 4.0983228683 2.6537153721 1.0000000000  ]
    ObjectInstance "Plane.023"
AttributeEnd

AttributeBegin
    Transform [ 1.0000000000 0.0000000000 0.0000000000 0.0000000000 0.0000000000 1.0000000000 0.0000000000 0.0000000000 0.0000000000 0.0000000000 1.0000000000 0.0000000000 28.8257408142 -2.9282581806 2.6537153721 1.0000000000  ]
    ObjectInstance "Plane.023"
AttributeEnd

AttributeBegin
    Transform [ 1.0000000000 0.0000000000 0.0000000000 0.0000000000 0.0000000000 1.0000000000 0.0000000000 0.0000000000 0.0000000000 0.0000000000 1.0000000000 0.0000000000 28.8257408142 -0.2454100549 2.6537153721 1.0000000000  ]
    ObjectInstance "Plane.023"
AttributeEnd

AttributeBegin
    Transform [ 1.0000000000 0.0000000000 0.0000000000 0.0000000000 0.0000000000 1.0000000000 0.0000000000 0.0000000000 0.0000000000 0.0000000000 1.0000000000 0.0000000000 19.1798934937 -0.2454100549 2.6537153721 1.0000000000  ]
    ObjectInstance "Plane.023"
AttributeEnd

AttributeBegin
    Transform [ 1.0000000000 0.0000000000 0.0000000000 0.0000000000 0.0000000000 1.0000000000 0.0000000000 0.0000000000 0.0000000000 0.0000000000 1.0000000000 0.0000000000 19.1798934937 -2.9475162029 2.6537153721 1.0000000000  ]
    ObjectInstance "Plane.023"
AttributeEnd

AttributeBegin
    Transform [ 1.0000000000 0.0000000000 0.0000000000 0.0000000000 0.0000000000 1.0000000000 0.0000000000 0.0000000000 0.0000000000 0.0000000000 1.0000000000 0.0000000000 17.6266498566 0.0078760609 1.8544845581 1.0000000000  ]
    ObjectInstance "Plane.023"
AttributeEnd

AttributeBegin
    Transform [ 1.0000000000 0.0000000000 0.0000000000 0.0000000000 0.0000000000 1.0000000000 0.0000000000 0.0000000000 0.0000000000 0.0000000000 1.0000000000 0.0000000000 17.6266498566 -2.9414725304 1.8544845581 1.0000000000  ]
    ObjectInstance "Plane.023"
AttributeEnd

AttributeBegin
    Transform [ 1.0000000000 0.0000000000 0.0000000000 0.0000000000 0.0000000000 1.0000000000 0.0000000000 0.0000000000 0.0000000000 0.0000000000 1.0000000000 0.0000000000 7.1723732948 -2.9414725304 1.8544845581 1.0000000000  ]
    ObjectInstance "Plane.023"
AttributeEnd

AttributeBegin
    Transform [ 1.0000000000 0.0000000000 0.0000000000 0.0000000000 0.0000000000 1.0000000000 0.0000000000 0.0000000000 0.0000000000 0.0000000000 1.0000000000 0.0000000000 9.2151365280 0.1340973675 1.8544845581 1.0000000000  ]
    ObjectInstance "Plane.023"
AttributeEnd

AttributeBegin
    Transform [ 1.0000000000 0.0000000000 0.0000000000 0.0000000000 0.0000000000 1.0000000000 0.0000000000 0.0000000000 0.0000000000 0.0000000000 1.0000000000 0.0000000000 7.1685981750 0.1340973675 1.8544845581 1.0000000000  ]
    ObjectInstance "Plane.023"
AttributeEnd

AttributeBegin
    Transform [ 0.0235968325 0.0000000000 0.0000000000 0.0000000000 0.0000000000 0.0235968325 0.0000000000 0.0000000000 0.0000000000 0.0000000000 0.0235968325 0.0000000000 24.0856971741 7.1947689056 4.0810875893 1.0000000000  ]
    NamedMaterial "PlastiqueLampe.001"
    Shape "plymesh" "string filename" "geometry/mesh_00046.ply" 
AttributeEnd

AttributeBegin
    Transform [ 0.1522920877 0.0000000000 0.0000000000 0.0000000000 0.0000000000 0.1522920877 0.0000000000 0.0000000000 0.0000000000 0.0000000000 0.1522920877 0.0000000000 24.0857315063 7.1945023537 4.2971615791 1.0000000000  ]
    NamedMaterial "Verre.001"
    Shape "plymesh" "string filename" "geometry/mesh_00047.ply" 
AttributeEnd

AttributeBegin
    Transform [ 0.0069737555 0.0000000000 0.0000000000 0.0000000000 0.0000000000 0.0000000005 -0.0069737555 0.0000000000 -0.0000000000 0.0069737555 0.0000000005 0.0000000000 24.0857009888 7.2168283463 4.3606190681 1.0000000000  ]
    NamedMaterial "CaoutchoucLampe"
    Shape "plymesh" "string filename" "geometry/mesh_00048.ply" 
AttributeEnd

AttributeBegin
    Transform [ -0.0034868766 0.0060394490 0.0000000000 0.0000000000 -0.0000000005 -0.0000000003 -0.0069737555 0.0000000000 -0.0060394490 -0.0034868766 0.0000000005 0.0000000000 24.0647048950 7.1819152832 4.3606190681 1.0000000000  ]
    NamedMaterial "CaoutchoucLampe"
    Shape "plymesh" "string filename" "geometry/mesh_00049.ply" 
AttributeEnd

AttributeBegin
    Transform [ -0.0034868782 -0.0060394495 0.0000000000 0.0000000000 0.0000000005 -0.0000000003 -0.0069737555 0.0000000000 0.0060394495 -0.0034868782 0.0000000005 0.0000000000 24.1050376892 7.1820707321 4.3606190681 1.0000000000  ]
    NamedMaterial "CaoutchoucLampe"
    Shape "plymesh" "string filename" "geometry/mesh_00050.ply" 
AttributeEnd

AttributeBegin
    Transform [ 0.0090674656 0.0000000000 0.0000000000 0.0000000000 0.0000000000 0.0090674656 0.0000000000 0.0000000000 0.0000000000 0.0000000000 0.0090674656 0.0000000000 24.0856285095 7.1945705414 4.3941640854 1.0000000000  ]
    NamedMaterial "PlastiqueLampe"
    Shape "plymesh" "string filename" "geometry/mesh_00051.ply" 
AttributeEnd

AttributeBegin
    Transform [ 0.0090674656 0.0000000000 0.0000000000 0.0000000000 0.0000000000 0.0090674656 0.0000000000 0.0000000000 0.0000000000 0.0000000000 0.0090674656 0.0000000000 23.0683498383 7.1945705414 4.3941640854 1.0000000000  ]
    NamedMaterial "PlastiqueLampe"
    Shape "plymesh" "string filename" "geometry/mesh_00052.ply" 
AttributeEnd

AttributeBegin
    Transform [ -0.0034868782 -0.0060394495 0.0000000000 0.0000000000 0.0000000005 -0.0000000003 -0.0069737555 0.0000000000 0.0060394495 -0.0034868782 0.0000000005 0.0000000000 23.0877609253 7.1820707321 4.3606190681 1.0000000000  ]
    NamedMaterial "CaoutchoucLampe"
    Shape "plymesh" "string filename" "geometry/mesh_00053.ply" 
AttributeEnd

AttributeBegin
    Transform [ -0.0034868766 0.0060394490 0.0000000000 0.0000000000 -0.0000000005 -0.0000000003 -0.0069737555 0.0000000000 -0.0060394490 -0.0034868766 0.0000000005 0.0000000000 23.0474262238 7.1819152832 4.3606190681 1.0000000000  ]
    NamedMaterial "CaoutchoucLampe"
    Shape "plymesh" "string filename" "geometry/mesh_00054.ply" 
AttributeEnd

AttributeBegin
    Transform [ 0.0069737555 0.0000000000 0.0000000000 0.0000000000 0.0000000000 0.0000000005 -0.0069737555 0.0000000000 -0.0000000000 0.0069737555 0.0000000005 0.0000000000 23.0684223175 7.2168283463 4.3606190681 1.0000000000  ]
    NamedMaterial "CaoutchoucLampe"
    Shape "plymesh" "string filename" "geometry/mesh_00055.ply" 
AttributeEnd

AttributeBegin
    Transform [ 0.1522920877 0.0000000000 0.0000000000 0.0000000000 0.0000000000 0.1522920877 0.0000000000 0.0000000000 0.0000000000 0.0000000000 0.1522920877 0.0000000000 23.0684528351 7.1945023537 4.2971615791 1.0000000000  ]
    NamedMaterial "Verre.001"
    Shape "plymesh" "string filename" "geometry/mesh_00056.ply" 
AttributeEnd

AttributeBegin
    Transform [ 0.0235968325 0.0000000000 0.0000000000 0.0000000000 0.0000000000 0.0235968325 0.0000000000 0.0000000000 0.0000000000 0.0000000000 0.0235968325 0.0000000000 23.0684185028 7.1947689056 4.0810875893 1.0000000000  ]
    NamedMaterial "PlastiqueLampe.001"
    Shape "plymesh" "string filename" "geometry/mesh_00057.ply" 
AttributeEnd

AttributeBegin
    Transform [ 0.0235968325 0.0000000000 0.0000000000 0.0000000000 0.0000000000 0.0235968325 0.0000000000 0.0000000000 0.0000000000 0.0000000000 0.0235968325 0.0000000000 22.1546688080 7.1947689056 4.0810875893 1.0000000000  ]
    NamedMaterial "PlastiqueLampe.001"
    Shape "plymesh" "string filename" "geometry/mesh_00058.ply" 
AttributeEnd

AttributeBegin
    Transform [ 0.1522920877 0.0000000000 0.0000000000 0.0000000000 0.0000000000 0.1522920877 0.0000000000 0.0000000000 0.0000000000 0.0000000000 0.1522920877 0.0000000000 22.1547031403 7.1945023537 4.2971615791 1.0000000000  ]
    NamedMaterial "Verre.001"
    Shape "plymesh" "string filename" "geometry/mesh_00059.ply" 
AttributeEnd

AttributeBegin
    Transform [ 0.0069737555 0.0000000000 0.0000000000 0.0000000000 0.0000000000 0.0000000005 -0.0069737555 0.0000000000 -0.0000000000 0.0069737555 0.0000000005 0.0000000000 22.1546726227 7.2168283463 4.3606190681 1.0000000000  ]
    NamedMaterial "CaoutchoucLampe"
    Shape "plymesh" "string filename" "geometry/mesh_00060.ply" 
AttributeEnd

AttributeBegin
    Transform [ -0.0034868766 0.0060394490 0.0000000000 0.0000000000 -0.0000000005 -0.0000000003 -0.0069737555 0.0000000000 -0.0060394490 -0.0034868766 0.0000000005 0.0000000000 22.1336765289 7.1819152832 4.3606190681 1.0000000000  ]
    NamedMaterial "CaoutchoucLampe"
    Shape "plymesh" "string filename" "geometry/mesh_00061.ply" 
AttributeEnd

AttributeBegin
    Transform [ -0.0034868782 -0.0060394495 0.0000000000 0.0000000000 0.0000000005 -0.0000000003 -0.0069737555 0.0000000000 0.0060394495 -0.0034868782 0.0000000005 0.0000000000 22.1740112305 7.1820707321 4.3606190681 1.0000000000  ]
    NamedMaterial "CaoutchoucLampe"
    Shape "plymesh" "string filename" "geometry/mesh_00062.ply" 
AttributeEnd

AttributeBegin
    Transform [ 0.0090674656 0.0000000000 0.0000000000 0.0000000000 0.0000000000 0.0090674656 0.0000000000 0.0000000000 0.0000000000 0.0000000000 0.0090674656 0.0000000000 22.1546001434 7.1945705414 4.3941640854 1.0000000000  ]
    NamedMaterial "PlastiqueLampe"
    Shape "plymesh" "string filename" "geometry/mesh_00063.ply" 
AttributeEnd

AttributeBegin
    Transform [ -1.0000000000 0.0000000874 0.0000000000 0.0000000000 -0.0000000874 -1.0000000000 0.0000000000 0.0000000000 0.0000000000 0.0000000000 1.0000000000 0.0000000000 15.1866188049 7.0979413986 2.6747891903 1.0000000000  ]
    NamedMaterial "Inox"
    Shape "plymesh" "string filename" "geometry/mesh_00064.ply" 
    NamedMaterial "livroom-table"
    Shape "plymesh" "string filename" "geometry/mesh_00065.ply" 
AttributeEnd

AttributeBegin
    Transform [ -0.9179933071 -0.3583074510 -0.1700119525 0.0000000000 0.3963356018 -0.8443518877 -0.3605385125 0.0000000000 -0.0143662775 -0.3983537257 0.9171193838 0.0000000000 29.1606216431 -4.9821162224 1.4714000225 1.0000000000  ]
    ObjectInstance "unnamed_obj_0.001"
AttributeEnd

AttributeBegin
    Transform [ -0.7990916967 -0.5886223316 -0.1223775074 0.0000000000 0.6010119915 -0.7873182893 -0.1375301331 0.0000000000 -0.0153967449 -0.1834495366 0.9829085469 0.0000000000 29.1540679932 -3.7160952091 1.8895885944 1.0000000000  ]
    ObjectInstance "unnamed_obj_0"
AttributeEnd

AttributeBegin
    Transform [ -0.7295935154 0.6742427349 0.1144115776 0.0000000000 -0.6837077141 -0.7153621316 -0.1442247331 0.0000000000 -0.0153967692 -0.1834495068 0.9829085469 0.0000000000 27.9300537109 -3.7160952091 1.8895885944 1.0000000000  ]
    ObjectInstance "unnamed_obj_0"
AttributeEnd

AttributeBegin
    Transform [ -0.7857849598 -0.5627043247 -0.2567213774 0.0000000000 0.6183329821 -0.7243466973 -0.3049364388 0.0000000000 -0.0143662188 -0.3983537555 0.9171193242 0.0000000000 27.9366073608 -4.9821162224 1.4714000225 1.0000000000  ]
    ObjectInstance "unnamed_obj_0.001"
AttributeEnd

AttributeBegin
    Transform [ -0.5112460256 -0.7853300571 -0.3491191268 0.0000000000 0.8593143225 -0.4738891721 -0.1923745126 0.0000000000 -0.0143662803 -0.3983537853 0.9171193242 0.0000000000 26.5587558746 -4.9821162224 1.4714000225 1.0000000000  ]
    ObjectInstance "unnamed_obj_0.001"
AttributeEnd

AttributeBegin
    Transform [ 0.3442522585 -0.9238976836 -0.1670432687 0.0000000000 0.9387509227 0.3357965648 0.0773779228 0.0000000000 -0.0153967282 -0.1834495515 0.9829085469 0.0000000000 26.5522022247 -3.7160952091 1.8895885944 1.0000000000  ]
    ObjectInstance "unnamed_obj_0"
AttributeEnd

AttributeBegin
    Transform [ 0.3594511747 0.9162918329 0.1766468734 0.0000000000 -0.9330368638 0.3560274243 0.0518332310 0.0000000000 -0.0153967636 -0.1834495664 0.9829085469 0.0000000000 25.2546138763 -3.7160952091 1.8895885944 1.0000000000  ]
    ObjectInstance "unnamed_obj_0"
AttributeEnd

AttributeBegin
    Transform [ -0.9892732501 -0.1276853234 -0.0709570199 0.0000000000 0.1453686804 -0.9083009958 -0.3922463655 0.0000000000 -0.0143662253 -0.3983537853 0.9171193242 0.0000000000 25.2611675262 -4.9821162224 1.4714000225 1.0000000000  ]
    ObjectInstance "unnamed_obj_0.001"
AttributeEnd

AttributeBegin
    Transform [ -0.9726728797 -0.2070048600 -0.1051496267 0.0000000000 0.2317349166 -0.8935677409 -0.3844940364 0.0000000000 -0.0143661788 -0.3983537555 0.9171193242 0.0000000000 23.8632507324 -4.9821162224 1.4714000225 1.0000000000  ]
    ObjectInstance "unnamed_obj_0.001"
AttributeEnd

AttributeBegin
    Transform [ -0.9423525333 0.3312943876 0.0470711216 0.0000000000 -0.3342672586 -0.9255216122 -0.1779749990 0.0000000000 -0.0153967729 -0.1834495217 0.9829085469 0.0000000000 23.8566970825 -3.7160952091 1.8895885944 1.0000000000  ]
    ObjectInstance "unnamed_obj_0"
AttributeEnd

AttributeBegin
    Transform [ -0.9998773336 0.0000000874 -0.0156625584 0.0000000000 0.0028732030 -0.9830291271 -0.1834270209 0.0000000000 -0.0153967673 -0.1834495217 0.9829085469 0.0000000000 22.5791740417 -3.7160952091 1.8895885944 1.0000000000  ]
    ObjectInstance "unnamed_obj_0"
AttributeEnd

AttributeBegin
    Transform [ -0.9783724546 -0.1836877614 -0.0951110721 0.0000000000 0.2063514441 -0.8986507058 -0.3870994747 0.0000000000 -0.0143661965 -0.3983537555 0.9171193242 0.0000000000 22.5857276917 -4.9821162224 1.4714000225 1.0000000000  ]
    ObjectInstance "unnamed_obj_0.001"
AttributeEnd

AttributeBegin
    Transform [ -0.9685893655 0.2481620312 -0.0158181340 0.0000000000 -0.2194640636 -0.8830231428 -0.4148561656 0.0000000000 -0.1169193313 -0.3983537853 0.9097495079 0.0000000000 21.2780780792 -4.9821162224 1.3861286640 1.0000000000  ]
    ObjectInstance "unnamed_obj_0.001"
AttributeEnd

AttributeBegin
    Transform [ -0.9330782294 -0.3121672273 -0.1786522418 0.0000000000 0.3371398449 -0.9321469069 -0.1320561767 0.0000000000 -0.1253065169 -0.1834495366 0.9750100374 0.0000000000 21.2247638702 -3.7160952091 1.8009564877 1.0000000000  ]
    ObjectInstance "unnamed_obj_0"
AttributeEnd

AttributeBegin
    Transform [ -0.9458359480 0.0000000827 -0.3246449232 0.0000000000 0.0595558807 -0.9830291271 -0.1735131890 0.0000000000 -0.3191354275 -0.1834495366 0.9297842979 0.0000000000 19.9461402893 -3.7160952091 1.5237915516 1.0000000000  ]
    ObjectInstance "unnamed_obj_0"
AttributeEnd

AttributeBegin
    Transform [ -0.8574723601 -0.2878415287 -0.4264837205 0.0000000000 0.4196085930 -0.8708969355 -0.2558655143 0.0000000000 -0.2977746427 -0.3983538449 0.8675508499 0.0000000000 20.0819206238 -4.9821162224 1.1282057762 1.0000000000  ]
    ObjectInstance "unnamed_obj_0.001"
AttributeEnd

AttributeBegin
    Transform [ 1.0000000000 0.0000000000 0.0000000000 0.0000000000 0.0000000000 1.0000000000 0.0000000000 0.0000000000 0.0000000000 0.0000000000 1.0000000000 0.0000000000 7.1010513306 3.2270443439 8.0231971741 1.0000000000  ]
    NamedMaterial "Inox"
    Shape "plymesh" "string filename" "geometry/mesh_00066.ply" 
AttributeEnd

AttributeBegin
    Transform [ 1.0000000000 0.0000000000 0.0000000000 0.0000000000 0.0000000000 1.0000000000 0.0000000000 0.0000000000 0.0000000000 0.0000000000 1.0000000000 0.0000000000 7.2509531975 3.7999997139 3.7491366863 1.0000000000  ]
    NamedMaterial "Menuiseries"
    Shape "plymesh" "string filename" "geometry/mesh_00067.ply" 
    NamedMaterial "Verre"
